10 40
146 39 551 455 324 37 487 336 673 445 680 408 776 931 345 947 741 180 942 423 672 134 250 652 674 292 914 976 847 360 632 936 365 649 161 89 837 108 228 157
247 596 274 370 890 802 691 434 999 756 807 357 673 912 873 555 758 392 590 198 480 891 629 59 309 746 52 823 465 501 252 31 870 716 253 675 784 166 168 636
269 340 394 509 413 498 212 404 256 286 825 632 824 720 541 726 185 124 841 824 626 766 6 743 69 673 352 66 134 215 655 362 182 584 90 569 913 852 239 69
128 485 277 960 510 780 953 276 736 443 153 91 264 619 812 561 453 656 820 984 300 297 735 641 882 331 991 200 137 355 451 563 619 40 978 293 546 235 865 675
70 882 767 498 359 593 251 480 608 23 376 899 358 15 191 50 373 391 887 965 499 471 190 968 724 528 515 374 730 238 796 36 217 115 285 38 42 717 588 696
714 35 936 199 681 626 188 399 795 391 139 886 801 614 84 528 808 157 572 563 38 23 24 221 673 86 397 471 537 28 338 782 720 49 560 511 398 992 26 805
282 4 398 226 674 490 356 443 307 260 675 969 752 26 950 272 809 354 285 691 231 969 89 985 287 66 982 717 485 47 527 31 754 78 729 493 452 120 258 11
112 31 196 769 26 858 704 27 175 337 777 217 129 832 963 151 37 900 867 647 161 21 907 352 180 699 518 380 40 565 848 350 463 621 201 975 361 608 239 704
460 379 670 19 494 13 685 867 67 672 641 365 538 171 765 525 821 542 205 101 72 816 133 185 948 954 350 849 422 609 900 383 681 380 134 217 306 371 513 689
933 713 602 212 645 192 744 783 321 382 10 398 785 520 919 512 362 440 938 693 392 792 528 352 450 680 342 487 190 415 523 197 126 504 85 755 429 35 299 860