40 10
652 844 15 876 289 945 207 959 587 168
869 564 196 427 74 616 697 700 949 106
811 949 69 835 577 24 750 370 186 119
551 920 347 172 787 425 635 362 214 460
607 808 814 73 581 228 905 162 187 251
530 169 111 249 146 700 651 888 450 50
504 651 707 176 698 999 205 690 308 385
214 121 449 838 678 348 949 353 565 176
476 112 882 741 873 199 192 139 407 11
818 114 80 741 159 176 950 986 197 159
812 808 333 950 733 126 587 225 997 27
161 945 509 980 507 791 42 388 982 412
786 792 464 157 513 667 984 901 332 150
325 729 629 148 641 267 325 618 129 11
105 925 974 986 40 917 392 519 879 302
909 245 942 441 636 721 902 497 437 624
382 711 893 334 269 988 120 214 248 3
5 184 0 665 411 150 452 708 946 726
595 831 854 579 737 112 137 397 976 309
637 904 625 386 176 215 792 564 952 543
86 34 839 139 107 795 656 41 305 700
99 97 760 607 390 127 384 790 922 371
242 27 738 495 203 648 330 947 120 20
301 758 610 347 959 463 965 333 272 626
275 41 775 493 23 998 384 717 597 220
26 772 926 150 509 758 869 238 125 652
773 205 184 220 133 67 178 161 842 92
282 468 231 196 709 825 876 266 720 88
33 91 818 790 899 964 524 637 79 801
658 665 989 8 108 362 933 198 643 432
883 876 532 274 862 643 714 299 983 867
428 259 615 335 199 801 442 144 979 397
913 439 612 256 824 530 522 173 450 207
995 496 648 296 698 821 985 933 814 483
530 542 614 176 683 617 701 80 68 584
731 930 373 781 952 172 956 381 565 414
311 776 86 493 418 26 875 727 479 472
163 190 113 926 245 351 842 327 419 468
566 273 499 962 425 877 980 811 943 856
664 200 8 687 593 814 753 924 522 580