100 100
168 587 746 226 463 895 676 511 999 547 623 597 637 947 331 731 658 241 782 125 900 631 49 498 843 272 943 14 933 860 906 741 303 147 292 651 388 691 992 665 621 171 662 761 138 211 950 699 252 239 519 538 251 330 807 75 826 91 664 506 415 321 789 848 354 939 4 303 788 556 762 194 514 369 670 94 586 900 146 989 421 573 789 409 621 186 545 841 480 397 4 825 843 333 506 736 593 665 424 325 
787 468 390 857 76 983 642 18 488 684 587 284 949 191 206 655 984 945 843 895 753 322 17 544 488 793 504 877 271 550 761 348 154 553 869 9 536 679 31 874 210 522 102 745 804 522 547 653 81 726 874 106 962 632 632 473 455 42 949 970 432 792 692 35 640 727 577 79 621 911 129 825 108 407 646 679 514 572 413 709 193 703 420 90 676 372 509 147 484 612 797 832 342 808 317 531 716 745 90 652 
956 995 370 544 404 80 726 970 581 102 665 325 643 564 85 897 528 939 313 842 298 337 291 629 420 445 725 83 513 445 539 287 470 680 742 787 718 447 401 162 604 622 315 500 279 47 354 860 946 289 552 504 772 683 773 608 970 452 792 314 683 366 67 589 330 470 327 55 798 867 98 838 542 507 390 13 243 734 993 790 977 282 792 583 627 957 352 68 459 654 623 742 318 625 145 384 516 216 298 278 
570 446 804 82 55 778 541 887 757 543 522 50 908 542 854 758 427 327 861 140 794 88 812 644 121 896 983 447 43 118 473 494 389 510 246 262 319 164 107 542 266 790 466 241 873 424 402 126 532 314 957 5 547 952 972 170 31 915 815 583 365 109 250 232 932 923 612 131 468 178 581 863 785 843 746 0 784 728 269 953 777 523 105 49 303 426 683 110 682 966 729 280 803 548 297 25 75 396 835 485 
214 927 118 373 169 145 632 519 147 304 807 279 229 116 248 764 787 398 406 343 861 739 735 717 647 974 399 81 473 744 226 626 12 780 256 919 227 962 41 553 875 865 939 69 420 203 184 680 104 152 672 530 238 347 588 131 740 771 242 533 615 787 107 284 402 980 678 377 272 293 628 308 513 672 382 936 429 565 447 533 278 616 89 195 509 454 583 283 7 702 628 853 831 542 996 608 464 586 349 538 
426 46 445 15 390 385 478 447 278 689 502 322 495 596 563 919 197 649 393 721 949 476 654 973 163 571 998 853 617 863 457 610 264 938 558 916 238 666 765 153 36 777 498 276 561 891 45 66 925 443 244 632 37 774 849 830 503 158 908 774 708 122 268 266 540 294 201 460 729 139 961 75 840 129 775 392 681 969 282 838 910 768 544 582 512 673 293 479 419 752 508 928 918 425 422 442 701 819 988 697 
380 195 955 639 658 609 494 716 512 700 533 300 536 953 495 907 100 115 359 44 477 544 96 712 725 715 349 83 196 735 152 68 894 740 503 642 220 261 938 922 817 148 857 461 794 159 949 925 623 981 767 555 324 295 715 84 508 597 854 629 116 534 116 36 402 729 825 64 472 144 920 550 596 887 936 31 560 227 275 324 333 699 742 407 688 106 26 260 731 840 735 72 484 725 160 72 313 456 872 765 
902 172 307 329 814 352 355 107 606 143 920 743 257 995 617 605 757 628 408 434 65 323 987 339 875 55 605 121 424 731 11 764 828 251 545 878 859 912 627 520 644 452 508 797 505 329 390 127 826 384 216 993 637 835 649 879 866 391 880 754 334 471 375 506 662 48 710 215 584 608 465 576 403 686 252 23 987 92 323 236 331 908 572 858 443 273 89 935 455 922 634 492 860 341 154 331 375 639 35 644 
663 623 24 994 726 311 997 965 530 513 455 16 189 948 137 534 122 56 173 878 197 667 896 184 586 386 964 188 772 432 131 206 51 712 664 996 825 465 1 41 747 506 26 651 978 943 672 279 192 931 576 474 563 952 505 93 22 656 595 235 91 807 335 331 292 242 785 525 730 588 525 742 42 712 364 742 640 87 694 759 516 975 468 97 517 270 55 849 321 353 910 104 937 832 5 531 744 588 722 358 
870 145 318 719 105 248 627 257 576 844 696 919 398 953 170 757 94 602 895 666 919 583 673 543 585 209 942 420 224 913 102 192 208 825 900 904 419 908 39 589 24 137 786 831 725 383 949 229 381 756 96 377 590 454 308 483 196 251 551 177 692 440 395 400 630 392 112 810 875 859 689 222 116 689 506 548 762 289 645 511 720 743 863 358 437 113 657 157 366 623 8 969 8 757 933 836 75 757 48 841 
543 363 869 61 259 446 372 589 155 408 522 600 748 236 123 126 513 294 261 431 683 785 23 722 959 481 803 671 194 816 275 142 752 583 77 587 498 79 513 627 688 803 55 949 194 990 212 590 62 832 338 775 450 67 277 612 922 890 186 148 911 372 180 560 596 544 976 272 114 206 585 990 533 140 376 460 86 223 592 282 674 554 858 688 685 814 202 613 467 805 144 772 661 229 464 413 274 896 535 967 
399 138 24 684 573 930 983 207 702 906 303 925 895 563 579 98 776 488 665 384 710 963 578 644 171 929 26 393 56 728 412 811 774 325 115 806 902 636 128 826 395 690 447 634 264 944 634 893 34 852 43 242 994 430 984 143 266 111 440 493 55 335 217 419 24 436 580 666 879 265 962 513 623 86 354 448 270 17 626 118 223 880 949 252 520 146 441 674 550 576 215 346 919 936 426 454 348 857 785 619 
842 287 354 72 772 834 121 815 82 125 349 312 53 249 457 900 80 181 709 51 997 700 110 783 962 330 987 158 783 745 667 665 645 193 435 609 817 80 216 109 718 202 779 70 662 878 958 516 819 985 423 636 812 893 314 894 530 935 924 948 967 235 309 814 376 878 340 392 425 833 380 906 521 586 327 492 313 15 391 605 627 818 795 680 977 924 930 301 617 431 61 270 534 948 475 50 452 747 245 647 
25 441 804 14 694 143 464 293 239 433 980 14 501 472 689 709 77 266 189 248 64 571 172 917 707 644 293 895 23 831 887 578 872 376 875 103 948 296 889 349 381 184 134 690 835 211 173 208 455 325 603 112 464 611 523 684 819 637 931 749 789 622 589 830 498 406 698 256 387 669 812 623 266 524 183 868 117 810 828 822 721 21 699 387 109 862 693 996 602 425 305 547 400 702 537 680 165 967 690 357 
16 671 388 23 958 471 875 572 484 47 113 923 258 745 174 529 938 506 800 422 153 855 119 332 623 478 618 960 758 995 583 646 535 253 56 362 707 519 706 611 14 72 52 77 228 159 215 576 496 59 42 406 570 144 832 524 330 240 240 70 598 963 576 348 583 206 515 660 900 772 544 851 147 579 540 381 285 34 125 644 468 465 853 26 131 353 846 130 83 760 719 362 612 734 828 801 646 402 803 496 
921 32 508 237 967 420 116 543 113 812 747 758 512 808 836 464 727 911 552 763 615 208 117 194 267 327 269 302 498 452 611 914 805 183 379 756 162 376 158 999 920 885 434 737 101 711 8 859 380 875 825 912 829 791 189 194 201 596 31 803 248 784 797 505 734 865 391 121 268 805 512 3 60 277 659 219 737 425 680 56 838 300 948 592 745 527 955 423 993 416 465 820 748 423 176 437 679 936 263 876 
908 579 790 6 66 885 954 43 144 329 174 48 593 290 432 246 144 155 303 359 40 98 607 841 583 525 432 754 796 767 321 3 691 539 645 774 278 97 349 353 984 947 514 435 805 741 919 998 124 644 160 878 539 244 139 499 107 809 375 504 232 665 524 4 927 818 437 252 675 44 536 670 476 644 797 216 175 285 381 761 272 805 610 524 182 158 406 989 984 173 810 133 443 696 510 621 128 918 491 75 
449 989 15 791 434 644 881 737 274 16 841 697 945 206 683 741 683 812 367 669 517 304 93 419 700 102 55 813 47 454 194 755 969 871 718 414 844 718 358 300 275 382 142 830 835 309 828 403 746 357 348 61 574 936 349 557 176 244 442 75 379 399 829 697 971 879 466 919 468 524 778 768 343 673 477 567 409 693 628 755 658 180 198 68 435 651 591 134 93 294 508 21 149 691 386 492 887 272 272 341 
451 426 887 926 75 927 358 321 687 747 839 308 167 244 890 689 182 290 559 993 462 235 362 180 683 474 363 351 875 77 130 80 639 626 473 49 79 600 0 599 739 614 442 197 85 680 385 655 822 67 727 484 600 440 830 687 755 270 835 56 717 822 545 364 138 610 665 697 762 483 25 588 781 819 58 930 223 337 69 627 910 411 151 363 991 56 876 542 384 426 954 752 657 171 297 113 610 687 222 376 
319 888 425 250 588 536 610 910 329 570 691 254 551 679 882 275 161 571 84 36 527 690 502 505 968 42 582 294 318 280 332 25 382 236 530 934 175 99 47 515 211 460 876 298 548 127 581 12 307 891 71 653 45 471 275 526 239 306 436 812 915 542 933 334 636 364 769 110 591 224 173 319 322 502 287 739 259 96 8 774 15 203 380 462 747 824 637 278 731 700 267 564 47 87 365 874 169 668 829 348 
914 203 159 468 821 660 205 595 61 335 26 920 691 947 269 341 777 795 958 311 62 784 418 472 109 164 703 594 701 44 784 759 233 956 320 586 963 294 568 914 495 453 13 952 813 249 525 840 898 873 685 10 944 17 940 899 571 59 572 372 67 341 721 214 820 340 856 786 291 446 303 670 969 539 857 570 875 696 995 989 494 485 621 611 403 965 605 921 148 213 652 768 703 744 732 511 591 537 898 38 
819 33 775 982 338 174 522 601 189 795 746 198 609 87 533 735 410 596 204 915 469 876 580 896 918 263 938 163 945 722 717 8 159 19 957 384 301 301 777 322 802 599 577 765 244 462 248 775 830 89 168 980 576 873 614 86 180 654 333 435 562 386 582 602 570 555 674 496 703 293 354 631 454 108 36 890 419 673 584 680 851 724 659 266 284 994 587 389 325 56 478 623 106 267 340 337 544 577 173 715 
358 184 426 832 287 745 0 687 985 405 133 792 359 233 480 179 746 584 853 108 820 927 815 768 767 362 722 871 456 700 179 740 698 108 7 836 664 569 122 470 144 391 467 532 554 328 886 738 600 88 981 446 938 282 205 259 899 883 738 618 263 479 978 193 625 976 785 518 307 69 541 689 104 347 405 532 65 91 760 587 978 579 463 522 808 415 829 653 583 771 132 714 502 983 980 23 595 809 674 768 
969 153 74 49 275 821 366 49 19 302 524 951 851 896 744 180 337 730 343 316 873 389 645 770 996 854 595 146 135 304 822 891 368 777 802 745 114 472 158 553 744 114 29 805 71 610 896 841 741 813 604 305 616 598 739 268 602 992 83 30 815 143 219 334 794 432 580 772 753 585 796 883 190 64 199 390 600 481 848 279 549 245 793 370 815 921 909 303 877 523 441 144 815 732 137 321 347 514 431 820 
449 870 334 994 764 322 847 111 323 193 836 850 644 622 356 268 428 121 115 529 37 266 746 482 425 580 722 538 155 903 847 715 978 663 504 938 509 275 556 600 431 960 717 37 68 15 679 424 626 692 892 686 957 618 901 182 850 298 291 801 333 591 372 485 740 92 533 621 826 388 85 540 704 188 142 122 716 323 428 943 278 683 415 794 589 168 524 713 767 625 664 972 658 884 409 42 359 399 429 531 
305 740 733 451 371 669 135 584 288 529 134 9 168 199 582 847 731 687 757 546 450 954 85 602 528 953 994 283 920 771 475 366 135 288 596 554 164 510 741 126 704 120 529 730 300 379 269 529 686 923 707 252 222 273 229 222 921 792 281 49 727 747 311 301 723 487 66 67 63 368 892 625 940 568 614 722 394 768 73 635 610 967 688 13 85 119 790 704 56 911 183 43 342 1 112 404 565 670 514 387 
413 41 401 502 387 458 898 525 962 604 663 775 243 263 817 812 117 534 251 541 692 43 937 555 728 647 900 182 177 868 654 525 39 694 5 31 542 850 90 710 428 850 58 36 992 434 737 581 903 571 733 58 215 990 449 292 245 193 525 747 727 607 228 835 554 624 366 196 431 107 88 420 208 821 934 122 23 10 30 795 913 290 945 237 599 315 898 794 128 197 767 530 881 917 1 926 560 487 318 565 
51 284 242 493 759 691 556 984 264 897 953 644 458 163 840 124 552 900 780 399 874 487 387 945 524 324 86 820 546 219 341 90 145 937 996 823 583 684 970 811 171 629 338 507 496 876 520 993 395 64 449 265 16 501 483 510 543 107 320 301 485 961 989 177 93 816 919 681 674 204 408 863 15 823 618 450 417 285 497 919 227 750 687 569 637 390 636 591 14 787 333 376 264 74 90 955 696 652 787 530 
809 493 43 881 588 693 496 612 993 295 239 799 187 785 577 337 773 39 388 193 758 926 280 761 310 296 979 544 333 203 718 247 540 422 965 927 480 931 917 197 43 424 824 595 628 247 486 21 623 335 577 394 786 171 180 879 754 218 775 755 93 660 935 692 941 836 107 528 257 415 32 501 420 543 351 561 421 501 28 848 863 320 512 485 558 289 607 586 321 231 684 16 945 748 833 682 648 560 53 895 
822 557 452 253 323 184 907 898 487 96 677 55 646 291 994 329 969 79 269 887 719 483 656 386 512 964 319 580 712 198 610 162 462 552 128 869 274 658 248 301 877 214 229 503 414 63 398 810 416 50 888 455 284 634 162 516 857 141 407 837 409 779 128 174 204 432 568 145 89 197 697 814 763 178 567 326 430 913 218 387 956 489 820 773 501 271 724 516 687 466 364 317 117 560 905 928 11 406 736 152 
261 246 606 249 467 50 624 813 581 616 549 503 897 645 711 929 503 465 297 127 838 79 166 740 617 746 696 988 816 842 255 62 922 900 325 515 106 382 307 109 156 350 839 851 248 883 892 557 665 105 223 155 161 479 709 491 422 144 204 49 330 703 295 947 727 778 334 593 947 810 531 516 855 749 422 629 111 686 624 826 638 124 294 190 458 950 266 711 995 320 433 378 577 896 850 333 181 115 487 993 
501 774 353 977 506 157 488 503 996 876 53 165 369 352 68 373 876 679 645 293 145 417 189 205 233 571 527 955 356 4 73 720 967 421 711 904 694 276 20 373 863 660 554 594 920 359 394 552 514 161 590 412 628 657 271 411 676 193 693 174 495 939 746 209 65 770 998 361 470 422 436 941 534 134 509 360 500 898 596 619 135 705 815 245 897 353 974 934 165 384 763 962 56 608 49 923 942 341 418 608 
842 592 225 95 240 41 891 506 382 716 280 722 532 365 210 852 486 450 948 767 468 865 558 473 531 354 591 62 141 877 727 335 424 608 382 417 467 212 570 475 232 687 387 153 46 128 940 507 222 441 830 813 398 741 421 80 288 763 887 262 787 86 689 516 476 284 34 693 631 578 436 917 636 441 859 895 950 350 655 456 640 334 641 41 772 863 607 352 491 928 77 866 755 22 293 788 553 852 455 609 
43 490 169 264 257 899 652 672 688 920 163 344 416 641 592 265 700 70 717 566 535 548 780 636 402 915 34 147 303 828 402 518 152 710 225 954 446 555 658 865 284 566 723 947 586 628 14 942 232 404 829 553 585 789 375 777 343 705 218 482 634 485 467 558 622 804 632 885 16 424 806 353 439 388 621 815 817 609 731 870 855 156 933 765 247 208 947 231 657 680 236 680 119 804 934 598 319 440 848 487 
71 886 492 815 647 348 267 243 73 84 838 201 708 145 879 447 802 114 585 90 127 204 765 274 466 48 414 936 371 756 267 78 478 841 268 505 586 706 131 379 10 609 573 764 234 706 379 642 772 290 319 681 563 482 39 923 709 547 974 152 981 799 874 877 931 65 596 521 86 537 7 264 394 410 846 789 225 534 147 241 822 18 134 279 224 86 369 609 0 928 729 250 346 698 979 849 906 931 103 878 
966 534 930 135 628 264 337 523 290 37 679 988 677 497 39 340 638 902 166 941 228 995 253 571 726 665 528 182 717 820 539 113 956 152 918 152 888 186 504 593 860 811 784 426 345 902 36 313 234 773 877 453 361 165 685 256 297 924 923 975 101 190 865 432 176 930 266 917 838 68 796 951 889 561 869 915 472 968 427 799 681 254 942 414 349 835 904 795 916 969 886 936 369 471 183 103 313 234 706 52 
265 857 156 154 674 807 237 762 87 411 989 284 581 305 4 415 624 175 841 886 294 547 676 722 315 278 969 853 282 709 964 865 484 869 57 880 902 858 391 215 466 378 9 225 86 927 82 137 754 907 191 626 445 109 886 254 58 245 648 918 261 624 295 155 133 280 310 797 882 259 452 660 266 314 864 901 808 666 165 799 877 412 555 485 772 689 919 50 884 759 116 608 412 893 270 286 339 661 647 565 
700 27 260 155 239 462 611 686 965 78 624 695 225 258 848 563 0 60 815 921 102 982 53 752 953 566 437 171 909 603 803 560 491 5 350 499 232 548 474 161 732 13 357 58 437 665 581 412 685 748 39 381 146 75 478 792 783 970 857 795 739 698 829 598 77 235 667 743 90 335 439 432 413 890 881 835 111 387 561 613 76 982 912 959 170 316 661 83 466 534 983 970 951 986 371 721 77 202 984 626 
79 77 677 444 587 812 995 954 285 146 836 529 729 975 940 301 148 549 882 651 437 619 909 170 13 479 831 754 926 183 750 723 690 702 387 696 108 420 445 851 427 967 897 573 565 900 976 996 633 371 403 696 767 178 356 769 773 286 441 915 74 569 72 869 537 370 762 815 645 899 210 250 855 463 167 317 419 773 668 882 655 585 739 889 194 252 897 191 277 484 648 840 798 990 708 115 355 609 141 194 
563 297 683 324 773 478 362 921 860 806 51 563 325 105 859 147 187 901 638 520 561 948 750 186 369 69 290 431 594 231 548 993 786 944 348 897 698 921 40 400 166 819 415 553 585 443 274 692 304 940 805 901 599 433 831 347 136 868 442 460 882 463 308 245 64 916 591 468 480 918 147 40 530 140 587 411 485 780 629 95 6 170 512 855 603 49 144 869 884 497 365 412 595 427 367 235 729 162 379 922 
305 753 272 416 937 466 89 788 968 842 874 273 603 530 739 739 490 28 143 654 631 913 523 374 676 577 440 545 306 589 589 196 597 882 799 58 724 717 778 610 468 639 715 429 831 539 625 976 131 12 133 39 566 442 135 79 364 432 229 910 676 332 779 838 491 592 588 891 466 893 794 741 599 984 632 263 378 741 41 309 481 46 67 607 256 458 709 648 278 667 312 421 789 771 572 541 666 619 578 28 
610 289 488 982 949 222 7 388 492 820 697 738 75 797 663 848 657 900 337 228 567 782 52 141 288 185 972 889 951 11 74 191 346 614 255 125 147 68 633 324 19 955 791 205 978 550 765 746 209 719 833 68 564 549 805 985 687 538 740 327 74 376 374 345 810 334 63 904 609 726 397 708 17 8 588 353 464 611 638 640 318 87 47 705 876 329 657 35 593 190 954 23 461 447 831 217 144 195 52 833 
306 851 311 51 704 753 767 838 844 922 233 790 467 680 250 823 683 441 304 235 173 14 566 272 163 740 761 564 665 108 94 756 968 930 439 973 132 462 351 721 476 331 168 288 903 471 514 205 34 121 351 607 171 956 842 622 998 800 656 455 160 161 145 716 32 748 664 121 690 24 905 336 337 889 669 413 4 944 447 311 774 483 961 777 901 765 825 776 200 913 143 593 923 8 446 868 317 38 542 179 
253 727 373 955 823 861 508 573 390 819 872 405 957 98 662 357 161 565 372 459 951 170 631 596 218 1 549 919 550 807 39 628 929 317 285 180 335 367 209 354 444 698 25 522 378 188 60 503 136 75 736 714 719 282 739 161 277 869 758 278 140 621 668 974 944 208 814 645 562 656 898 859 859 156 318 193 497 663 121 258 896 222 963 193 226 818 962 128 753 751 140 927 317 583 784 660 878 303 300 818 
340 260 532 660 577 61 177 84 551 208 32 212 44 581 874 913 706 193 664 784 683 326 213 528 450 719 487 987 712 215 220 641 124 939 133 297 938 720 766 965 4 425 465 428 176 111 857 537 251 234 112 573 904 741 24 603 672 329 340 815 229 593 81 575 748 229 979 718 270 535 235 151 593 338 757 958 319 905 188 217 590 179 441 78 143 360 282 52 329 263 350 426 473 599 351 566 39 32 876 814 
601 415 243 259 486 303 191 487 148 976 113 19 532 987 609 432 123 382 899 686 275 932 790 748 203 651 132 901 585 558 202 14 199 703 671 512 947 988 280 221 552 91 568 857 386 713 219 339 977 290 539 541 579 390 427 474 473 679 801 104 311 6 125 740 48 914 551 131 384 253 564 764 202 128 619 659 824 248 645 500 996 288 249 542 748 999 929 131 47 543 276 949 314 794 301 973 737 664 3 296 
183 727 487 364 44 680 210 728 763 712 479 141 734 831 431 110 410 593 920 964 355 604 119 831 847 204 677 750 515 254 627 114 209 822 154 714 498 355 917 133 934 247 687 785 129 645 727 713 804 272 114 898 786 158 612 669 202 621 157 327 863 703 645 426 239 538 953 737 197 829 217 750 204 467 335 611 632 73 924 928 228 675 922 993 660 955 873 950 430 856 733 416 883 381 765 449 546 249 729 407 
915 544 545 335 354 286 708 592 158 962 598 85 993 129 443 869 536 439 949 985 180 894 348 731 990 198 745 630 123 303 639 380 699 160 556 664 67 509 92 565 988 905 77 312 419 483 632 739 787 171 344 150 789 406 779 157 35 673 101 731 103 715 358 147 683 475 341 556 897 525 356 211 732 142 437 217 131 455 794 927 789 652 535 976 9 671 809 599 445 102 262 605 889 714 309 776 37 814 434 707 
424 240 921 990 627 772 324 828 370 170 238 294 731 570 937 356 374 13 123 476 395 555 856 730 161 977 962 952 933 459 155 919 314 161 687 242 174 697 558 329 981 551 361 903 116 793 805 514 510 887 191 63 220 925 698 996 507 305 388 296 510 499 604 601 847 862 505 309 774 512 775 885 672 292 259 433 535 232 781 240 953 769 795 889 335 324 888 906 143 754 225 717 33 151 941 559 194 766 684 88 
840 122 122 796 542 774 268 765 648 361 777 934 360 734 431 882 90 296 602 29 740 147 644 858 463 926 53 603 970 394 97 582 194 743 939 112 116 602 815 533 72 253 697 551 52 664 53 559 745 931 471 946 556 720 313 771 777 491 296 145 735 889 992 980 6 71 551 59 306 885 70 557 704 106 636 984 55 606 244 13 462 500 551 160 332 501 177 24 186 234 507 304 4 943 535 240 182 473 493 544 
428 997 998 703 259 346 46 182 121 440 563 790 262 625 754 735 943 393 996 288 490 401 598 73 183 502 144 25 560 504 43 67 644 567 936 626 701 591 936 633 383 826 802 558 321 464 64 305 543 377 435 545 382 429 440 370 783 544 326 866 304 517 68 197 672 956 30 780 387 45 21 124 852 741 712 194 154 309 81 53 992 26 266 338 588 888 106 44 157 99 562 147 565 944 161 710 525 862 251 901 
339 331 33 226 505 467 159 99 879 40 801 282 137 348 999 866 79 635 949 452 228 513 534 457 768 678 588 425 81 249 859 841 624 331 622 202 637 614 808 653 559 355 502 143 218 567 991 756 266 657 449 939 511 467 104 381 317 902 76 81 777 588 568 382 792 592 575 140 214 774 206 885 841 17 45 899 43 898 804 431 228 738 658 272 208 954 441 495 370 568 455 589 25 175 644 981 14 781 324 551 
966 875 509 990 579 54 101 309 47 362 473 369 658 322 769 388 694 776 338 20 632 860 476 321 297 924 443 340 434 488 291 229 592 871 765 969 815 271 42 42 863 586 508 574 513 947 431 518 911 341 101 485 760 686 794 798 602 54 780 431 144 303 452 278 189 252 520 982 449 588 948 624 881 693 645 750 640 282 736 2 278 468 7 590 13 529 210 61 112 477 968 871 717 905 309 443 889 688 665 729 
311 555 918 908 264 404 270 332 829 630 165 154 253 779 422 503 44 440 638 882 542 828 806 350 184 992 735 278 769 135 248 713 593 677 992 862 650 549 695 877 565 504 44 767 246 382 365 409 358 426 341 119 594 501 462 993 706 590 189 41 963 94 236 123 59 197 640 32 891 764 814 186 867 72 510 514 34 612 441 429 735 332 699 195 456 367 176 912 139 176 944 379 237 489 638 770 581 912 635 104 
5 59 269 180 917 141 837 26 665 159 318 98 41 591 637 503 951 335 226 906 218 144 244 106 489 7 625 914 838 577 534 899 748 474 649 972 818 575 396 859 306 137 537 906 892 726 580 238 178 209 51 617 372 79 583 554 851 284 792 276 259 4 459 733 75 709 3 77 954 665 53 492 448 346 791 344 862 970 783 577 441 352 809 636 150 466 196 611 448 4 233 121 733 490 949 865 461 729 994 845 
89 585 860 568 168 768 809 406 208 895 999 96 185 15 9 778 662 815 59 986 305 347 789 914 152 474 88 233 59 65 921 796 25 694 444 477 666 129 563 644 397 905 373 91 846 86 743 504 748 517 702 550 246 534 297 329 217 524 139 566 902 213 64 90 934 112 106 875 239 749 712 754 595 772 508 953 710 727 374 49 233 37 644 270 246 541 315 949 902 3 236 703 143 842 38 514 902 266 218 947 
820 102 319 975 67 442 208 559 201 813 531 690 570 944 259 365 509 636 144 167 968 342 750 864 907 731 433 570 315 381 828 654 149 165 674 963 163 442 71 970 745 191 591 515 210 154 948 983 933 111 626 683 676 875 34 415 431 235 45 499 705 396 828 918 657 612 57 500 419 680 853 384 186 36 84 300 834 912 976 769 552 455 161 458 211 213 919 676 700 136 159 959 960 470 994 226 119 763 81 228 
198 755 259 52 947 975 164 685 6 181 515 192 372 470 329 525 160 373 143 702 695 909 816 252 561 163 687 89 493 909 712 962 147 524 332 305 60 881 901 370 392 39 512 425 424 411 305 369 295 526 870 846 274 228 713 11 844 431 114 1 865 90 782 93 965 970 216 30 919 298 166 820 933 980 971 988 672 522 19 453 631 482 336 286 829 829 961 219 168 863 755 828 624 837 123 100 108 513 817 525 
17 206 741 811 694 942 384 653 883 458 508 739 79 406 187 791 203 645 940 737 703 234 391 425 833 429 268 419 221 851 462 138 147 621 670 760 46 18 754 402 631 929 760 676 800 566 462 847 860 314 30 716 413 125 518 391 110 860 666 169 803 305 441 603 413 621 23 744 822 419 405 841 219 751 722 931 858 254 906 352 83 53 378 355 326 449 914 432 602 402 233 983 243 908 585 89 840 594 654 834 
29 84 933 187 418 123 589 528 536 449 445 859 483 494 94 239 695 935 508 36 857 438 49 972 707 266 836 399 198 427 565 609 25 55 743 332 990 77 288 744 925 662 443 891 589 675 677 803 792 420 298 8 157 185 772 624 312 73 806 515 548 534 824 213 139 981 921 974 438 245 907 953 70 402 181 703 90 929 41 477 986 307 489 215 609 890 69 98 299 763 64 897 946 626 511 167 877 340 823 400 
586 312 966 462 833 209 119 393 82 892 612 353 192 788 391 282 71 599 365 507 407 54 321 477 930 532 230 965 345 484 657 30 533 459 553 366 589 885 639 754 460 701 872 458 245 210 183 425 131 387 913 436 914 35 59 682 662 346 735 752 221 252 231 452 720 823 458 31 764 890 113 515 258 342 139 266 370 523 203 559 479 455 256 858 470 791 791 208 262 404 154 223 399 737 965 476 562 502 105 188 
321 986 542 674 463 49 258 174 932 513 548 629 674 26 553 996 207 311 871 438 179 581 123 404 0 823 729 9 92 155 337 232 830 908 894 513 277 83 388 945 707 912 324 183 129 611 132 986 374 381 719 766 128 141 598 760 286 81 672 607 116 729 600 123 112 81 114 134 421 7 250 78 696 754 505 135 568 899 575 515 521 477 361 748 611 160 791 262 731 687 727 974 154 671 734 786 719 745 332 798 
599 404 854 133 485 394 847 198 734 914 560 800 899 476 804 495 211 896 652 114 360 870 30 72 46 269 321 529 354 917 988 108 434 818 329 64 237 766 340 312 32 896 497 676 207 664 249 676 561 906 851 374 228 952 267 768 123 312 1 720 419 97 493 383 769 223 407 659 909 728 669 186 826 747 513 630 67 443 293 943 404 979 295 831 848 443 664 84 282 53 779 701 393 226 19 102 355 806 122 209 
698 778 586 648 43 415 125 999 573 449 935 585 434 441 629 97 926 18 423 597 648 228 519 361 337 223 681 201 107 399 868 735 455 375 789 922 698 467 11 430 575 489 800 5 975 845 689 189 608 740 19 755 391 637 715 689 18 818 674 569 567 483 710 192 657 131 1 688 23 4 404 45 643 764 734 332 545 294 307 632 152 607 317 445 302 431 799 980 298 990 703 758 722 866 838 237 762 221 533 762 
467 193 530 335 436 504 673 867 63 4 713 949 388 610 687 329 835 448 192 16 328 63 258 33 715 41 399 928 572 201 749 672 447 619 75 581 373 260 579 880 115 432 409 31 116 464 690 72 981 557 430 526 628 526 464 295 765 31 426 221 737 589 758 642 435 763 255 657 456 169 72 326 341 755 192 948 108 903 238 75 427 464 892 421 296 337 800 357 143 504 878 788 44 578 339 126 131 775 653 155 
40 666 661 564 224 953 572 275 785 698 640 960 381 633 84 187 787 430 379 565 827 362 66 773 234 708 875 571 197 418 933 935 883 555 472 474 322 323 289 70 83 464 343 636 482 405 763 257 249 764 10 437 362 716 245 658 68 756 893 269 85 161 114 272 528 400 793 836 738 557 622 610 607 330 754 288 568 249 129 841 305 470 570 797 214 668 525 898 804 844 365 527 340 524 471 216 574 421 639 759 
962 766 687 699 399 736 217 839 160 922 485 153 920 14 938 882 712 561 224 49 730 330 134 463 293 335 72 276 289 38 438 928 534 83 66 724 969 26 501 43 806 919 842 314 448 278 593 306 130 48 956 461 101 894 682 88 205 696 722 503 552 823 132 372 963 224 142 411 246 658 451 503 610 459 768 630 918 285 511 976 523 978 234 650 623 846 811 895 398 831 252 74 191 509 933 652 210 787 994 545 
162 317 225 19 217 457 392 265 231 225 772 769 109 939 705 307 939 10 746 988 725 22 698 476 75 407 781 404 819 395 149 45 427 426 572 839 750 69 222 550 661 253 102 622 628 177 502 785 356 678 723 160 235 200 974 929 269 38 191 837 396 720 961 430 350 896 363 180 616 13 622 430 429 587 251 768 389 48 307 362 758 348 403 478 210 200 179 139 845 33 908 114 595 36 930 15 890 97 865 146 
738 951 680 396 966 909 305 173 505 906 585 809 229 543 885 213 405 130 729 854 41 312 122 13 822 743 806 96 536 291 272 183 259 748 545 689 875 903 423 758 845 417 923 93 399 634 558 494 788 427 864 423 766 603 321 726 700 496 498 496 587 116 935 395 509 577 18 902 830 615 457 310 865 503 332 462 541 732 628 419 734 879 399 776 650 131 18 952 401 582 751 285 657 848 760 798 573 211 33 932 
886 944 231 943 531 159 608 732 387 263 473 929 225 852 702 153 394 687 585 287 550 602 676 236 285 860 495 650 610 106 438 196 536 423 203 840 540 502 964 451 744 383 579 260 684 898 425 234 890 898 954 846 375 830 178 47 9 66 771 497 853 169 922 756 46 325 248 372 668 232 491 308 590 963 968 170 550 762 769 857 144 143 359 427 744 280 239 661 994 499 297 137 497 484 383 565 482 500 412 171 
65 990 311 542 851 224 82 856 271 24 30 866 675 129 652 688 684 739 110 641 506 688 279 899 100 748 925 68 764 844 392 893 621 889 469 446 103 193 582 875 420 157 434 687 462 755 370 139 735 203 685 304 54 909 868 791 36 282 173 440 280 49 716 322 219 201 930 715 280 866 551 627 669 850 645 735 210 666 883 365 308 786 533 603 237 310 659 775 213 289 935 848 328 228 296 544 268 875 228 582 
971 88 92 437 953 352 558 196 484 990 4 625 567 960 235 434 373 728 519 434 914 785 857 773 935 233 131 478 443 523 98 935 420 117 310 800 695 716 665 544 293 165 955 802 631 367 667 694 507 287 432 390 453 590 148 168 342 200 822 527 381 416 978 435 136 460 518 495 198 194 483 944 821 485 173 641 851 155 798 828 78 865 699 950 508 868 25 685 919 885 980 553 560 748 975 484 554 508 594 186 
28 10 868 243 549 466 307 843 535 443 799 791 9 793 304 344 793 32 856 469 321 785 306 50 925 892 828 56 80 811 336 600 927 148 32 426 596 871 142 457 591 753 795 326 70 622 552 192 219 540 232 820 471 395 390 933 455 55 180 300 322 910 18 861 611 894 478 857 505 413 969 765 892 341 114 638 107 20 96 614 118 421 783 309 141 668 226 47 599 887 428 996 595 233 372 251 764 308 492 635 
804 414 619 556 12 21 193 819 288 479 495 707 151 446 312 359 110 208 206 630 241 351 168 956 369 889 667 974 628 546 165 996 2 562 745 769 881 444 634 206 470 264 293 68 193 360 728 170 810 988 22 848 371 184 477 487 440 415 351 102 660 342 106 237 384 14 595 450 622 369 56 770 976 681 199 715 875 833 814 195 960 83 184 89 238 907 66 665 835 99 837 929 144 691 58 318 646 528 407 503 
99 696 942 143 437 429 552 870 478 976 841 321 71 186 641 873 584 33 248 704 280 45 549 593 862 616 300 165 255 509 144 373 629 915 684 553 834 569 332 258 945 603 832 653 893 742 962 627 995 104 644 827 403 199 715 269 65 210 181 831 921 270 342 670 586 484 244 826 476 486 970 198 932 750 701 760 612 287 539 388 362 155 7 522 652 125 719 156 11 912 747 748 161 856 71 528 708 515 194 638 
486 755 752 543 714 290 361 994 51 240 460 365 546 639 198 925 480 507 960 574 331 117 449 97 597 903 211 654 6 883 527 90 851 838 2 384 967 606 681 163 345 435 546 985 961 81 495 894 446 29 139 554 564 588 200 909 861 4 790 768 972 409 144 624 329 182 248 273 611 451 520 836 354 869 69 83 41 501 806 114 307 659 919 176 344 747 33 813 848 640 454 32 876 573 511 979 481 589 571 886 
795 353 570 322 707 508 50 587 847 828 111 154 632 927 677 394 699 395 569 470 413 27 354 710 906 257 944 134 9 975 471 44 720 584 741 165 282 547 441 564 423 240 545 19 228 315 218 306 468 881 881 371 375 650 856 824 72 710 761 47 105 600 777 175 527 989 595 127 672 226 472 546 285 340 543 897 205 189 789 908 277 579 115 627 547 230 258 916 693 49 448 992 895 891 610 240 136 98 596 318 
633 769 475 789 575 533 284 213 776 703 25 783 284 138 472 462 580 424 454 935 846 13 81 558 369 778 108 577 706 292 904 461 134 95 783 381 179 959 676 625 620 498 98 917 590 738 930 133 54 583 941 267 583 19 76 663 70 187 831 971 418 341 116 49 210 139 229 568 367 43 836 299 478 490 119 520 205 114 659 423 545 204 477 195 145 34 375 191 459 209 457 457 593 490 304 653 686 438 109 318 
35 276 86 171 253 658 791 959 857 610 520 669 147 740 574 809 189 853 651 265 14 399 199 290 880 563 470 738 666 529 931 767 32 599 931 556 225 892 325 494 723 128 735 538 341 142 945 946 774 392 152 723 62 264 458 826 592 172 268 87 379 518 146 882 904 395 615 46 112 127 143 652 615 177 662 119 740 663 285 8 336 491 980 752 828 95 274 818 841 728 54 132 763 468 268 170 979 769 965 600 
794 890 641 627 876 902 482 825 783 738 292 902 300 706 282 553 135 697 778 441 869 592 444 303 458 135 314 693 323 259 355 456 211 49 496 711 69 48 35 412 377 53 844 435 570 672 22 798 137 916 622 201 157 652 830 467 298 560 658 520 605 135 912 559 888 414 74 314 829 413 751 881 718 474 142 328 867 82 140 577 540 841 372 912 963 221 136 881 115 615 652 891 446 422 266 382 5 11 840 360 
370 319 588 622 13 788 304 342 795 413 905 50 245 617 426 1 636 858 86 872 536 199 935 823 614 975 332 200 819 714 367 306 922 303 149 789 138 710 991 710 54 521 724 58 818 733 521 57 839 904 354 215 726 670 510 440 95 935 371 978 154 104 410 141 465 233 57 702 315 436 420 410 661 61 8 957 853 750 601 367 283 341 272 149 973 148 256 204 638 537 863 234 841 720 642 982 665 868 311 902 
142 841 915 695 585 88 14 70 419 233 170 787 867 701 53 12 449 577 886 239 242 500 28 510 684 641 897 203 663 519 772 554 30 590 818 179 985 245 906 685 280 185 442 136 577 212 735 561 614 672 131 976 283 964 612 912 327 996 192 83 86 753 884 22 924 683 566 689 159 410 607 582 452 222 444 286 618 416 342 923 399 327 258 415 445 493 124 533 697 254 775 159 560 426 859 430 5 477 860 769 
241 794 1 892 946 19 649 220 118 522 538 378 308 433 895 716 404 560 505 282 872 754 544 953 757 937 687 621 706 910 683 313 98 270 853 395 486 390 988 712 311 79 298 288 132 569 330 464 768 457 26 329 583 55 331 541 599 496 210 234 369 621 598 317 837 201 54 602 567 318 952 418 173 209 760 4 264 490 126 798 310 95 322 102 411 427 729 966 463 514 463 436 298 589 260 851 357 147 913 273 
547 112 920 166 369 669 941 540 664 717 59 546 843 583 373 982 553 638 817 31 296 575 790 611 788 508 121 118 706 105 215 435 395 774 978 843 1 819 436 821 488 774 465 131 216 297 307 402 622 125 548 714 656 182 868 945 23 354 939 254 515 922 83 635 873 314 360 204 359 503 729 824 364 822 967 594 131 415 83 705 414 119 488 482 661 725 499 192 963 270 930 166 313 549 880 222 497 537 526 409 
87 871 29 64 779 485 863 420 20 625 917 313 56 360 508 213 675 543 432 990 327 951 691 168 716 990 310 813 840 268 611 565 594 510 198 774 221 161 825 444 733 138 415 315 587 739 621 441 172 256 500 214 209 954 249 526 20 953 131 25 586 784 84 315 168 938 896 28 621 696 366 446 112 863 0 374 865 618 395 517 844 947 446 631 855 320 289 136 275 481 478 790 978 521 549 332 706 339 960 334 
730 208 465 204 42 908 462 259 480 841 481 665 122 352 66 588 610 713 464 693 279 15 545 332 50 133 184 489 326 178 839 101 595 322 416 404 736 151 896 798 24 686 426 347 447 375 998 895 546 623 568 391 960 531 67 434 691 139 575 899 365 82 501 944 971 699 585 290 824 789 163 125 505 488 994 730 441 164 190 960 735 923 230 7 880 781 785 136 941 671 656 717 759 657 106 786 629 740 25 284 
696 61 556 905 53 511 171 680 851 185 110 591 704 135 296 507 764 82 583 882 709 439 853 212 581 623 837 372 506 691 631 231 298 695 499 801 997 871 302 974 920 580 552 142 454 711 538 825 386 607 988 70 932 502 457 740 170 995 159 689 633 593 164 934 140 198 623 355 394 465 333 632 813 948 657 784 287 337 9 80 337 423 80 981 886 400 94 983 89 133 243 980 644 157 199 175 511 90 385 182 
301 975 91 349 957 476 984 992 93 823 197 46 534 904 202 571 307 508 708 472 55 838 10 871 930 728 656 186 410 855 296 536 153 645 541 177 35 285 361 502 443 809 286 652 510 215 673 757 416 678 383 705 594 308 292 629 699 133 432 98 467 892 210 835 404 968 850 718 561 609 303 601 744 704 620 876 882 936 416 969 323 681 564 624 744 566 33 195 51 508 425 780 103 18 799 278 431 197 985 845 
558 140 729 704 578 505 115 722 534 679 357 590 660 939 714 419 345 544 743 103 834 213 160 238 158 402 42 714 429 677 244 735 310 846 368 861 612 17 231 744 236 44 97 975 630 697 522 940 914 819 423 340 879 319 374 359 963 335 18 172 800 426 282 840 120 972 64 926 481 689 972 848 973 659 480 86 708 507 600 562 614 508 764 216 300 689 162 30 663 567 692 790 941 46 819 449 14 959 514 293 
60 666 946 889 185 987 397 60 955 802 141 950 304 60 755 422 54 47 859 737 614 865 569 899 921 471 519 823 220 590 284 720 449 206 746 774 979 495 356 530 574 289 448 944 696 312 372 801 806 198 377 926 866 906 474 578 979 950 76 700 333 697 592 318 468 981 61 577 923 368 35 454 923 969 513 231 313 750 789 651 344 351 572 539 534 417 683 49 89 806 634 85 81 645 386 758 902 267 620 695 
656 783 653 916 986 987 947 188 835 148 669 515 596 743 579 888 439 750 824 437 812 12 939 418 121 996 711 161 808 939 871 382 375 144 317 788 503 935 302 731 34 423 438 842 448 358 206 326 955 348 688 109 589 14 344 471 359 856 386 289 280 785 814 922 389 265 855 708 702 939 659 355 750 752 426 711 809 63 824 495 15 47 117 822 445 540 257 946 746 356 72 426 607 18 632 350 366 81 107 269 
472 885 818 588 319 14 692 952 69 442 795 575 342 573 362 148 912 380 582 206 946 798 807 945 448 588 524 243 223 703 380 735 944 36 16 783 724 187 475 761 212 94 142 174 304 93 15 619 579 690 190 799 385 525 436 605 45 699 48 854 168 761 0 923 612 313 298 227 432 623 796 481 768 885 381 776 875 638 349 523 179 701 745 57 76 577 61 3 425 561 18 109 488 758 979 520 233 986 142 374 
328 758 310 469 794 845 14 791 87 967 832 976 467 242 459 877 268 515 658 921 827 402 440 35 291 516 298 640 569 230 254 942 250 126 163 614 426 37 996 698 900 560 373 437 80 917 883 71 450 208 840 233 518 529 688 910 265 558 123 119 667 19 946 6 158 289 139 876 421 552 194 686 272 33 46 57 948 130 189 470 835 592 242 869 152 893 707 359 8 453 137 463 476 682 500 151 696 812 382 696 
107 374 463 3 374 367 759 868 385 380 877 121 221 604 716 870 283 867 724 10 177 3 93 826 10 61 644 960 334 558 979 888 494 679 539 266 433 969 357 83 563 516 508 814 220 261 804 618 820 174 464 216 111 50 351 635 736 803 117 725 924 254 222 958 132 313 194 515 474 171 208 588 524 31 542 408 659 572 49 299 47 255 390 827 235 59 296 169 949 159 791 98 605 739 232 875 323 636 197 13 
371 777 851 231 649 201 68 945 425 296 41 301 600 177 859 130 49 146 462 210 407 280 386 195 139 139 17 927 985 212 60 38 355 702 562 903 740 688 363 939 468 87 887 159 187 722 755 346 713 390 368 916 282 150 40 386 340 686 841 144 90 138 534 152 647 538 710 486 708 927 698 910 421 119 356 522 663 733 151 839 930 912 156 198 349 314 166 267 10 597 168 170 96 329 391 433 966 217 970 488 
912 263 888 82 376 722 827 30 454 747 659 283 125 598 766 815 40 716 415 707 947 812 749 448 332 927 333 69 722 953 673 156 920 371 271 610 260 578 314 538 666 368 588 636 22 654 203 807 779 681 345 963 525 155 439 757 756 490 70 533 489 394 733 38 561 74 144 675 408 254 405 238 456 52 512 227 819 67 552 211 507 432 990 153 225 271 532 220 517 833 79 692 807 993 580 948 833 247 283 731 
567 941 118 474 175 971 139 634 456 278 662 676 609 874 728 130 905 529 574 914 708 132 927 623 395 221 431 690 476 496 79 993 830 476 476 493 363 885 740 482 174 466 693 856 133 196 816 495 657 572 683 631 103 803 691 655 264 921 669 556 420 674 265 184 823 866 521 403 65 218 54 86 965 257 815 831 60 980 545 802 56 689 17 936 963 756 701 888 974 429 490 778 941 975 490 488 336 644 219 763 
157 50 931 17 609 854 729 508 257 803 233 902 458 283 511 696 422 462 740 498 612 503 261 393 296 935 186 123 476 279 320 408 694 993 953 585 506 884 2 70 869 662 283 337 239 542 388 746 238 879 945 200 335 478 827 962 391 966 562 437 55 204 139 641 380 228 292 982 895 311 178 883 17 306 479 28 207 108 908 135 372 637 691 917 785 415 5 261 570 133 800 876 144 572 819 442 581 312 455 276 
318 822 713 523 741 52 63 181 646 683 960 594 735 378 516 360 665 300 112 650 705 679 308 401 700 242 966 424 312 988 853 373 634 696 255 850 299 895 284 612 819 848 864 473 539 651 438 281 258 94 222 605 773 816 50 644 284 831 27 557 424 621 257 980 370 703 161 498 989 490 68 401 172 706 410 309 806 60 289 881 820 671 708 64 459 875 568 355 947 320 940 609 25 151 843 800 642 447 342 623 
578 367 287 277 577 973 382 77 282 445 928 979 433 168 808 606 291 734 181 862 799 100 200 706 157 908 331 422 70 581 621 100 421 75 247 919 811 752 357 725 452 627 623 831 794 445 628 224 231 954 727 174 553 383 83 340 371 244 775 424 259 681 903 889 317 918 756 323 574 231 609 308 738 573 454 437 467 24 892 1 602 609 344 733 341 360 943 586 675 89 47 531 697 580 393 884 182 768 486 32 