100 100
660 945 139 713 121 108 865 640 363 70 353 464 303 724 16 52 408 601 706 990 508 917 492 496 478 891 773 829 916 968 696 214 208 544 637 873 612 530 270 791 880 962 472 577 874 901 291 325 364 750 985 66 225 823 840 895 242 664 106 981 489 760 996 996 215 203 964 445 415 862 961 864 245 825 516 465 290 32 139 113 75 863 124 963 251 728 150 223 108 422 874 22 96 38 75 44 495 615 516 166 
257 391 874 254 44 448 645 537 307 584 942 804 279 247 898 5 367 782 401 727 173 574 900 113 306 93 45 392 169 314 260 860 767 127 479 431 60 868 737 750 896 81 987 858 875 776 166 742 336 648 646 43 241 265 717 44 808 965 726 437 707 607 684 73 660 305 594 207 247 205 922 766 839 592 358 343 30 368 470 78 401 906 892 362 921 139 476 688 29 340 327 309 389 459 639 914 649 276 112 700 
574 471 288 776 244 3 562 102 622 368 67 879 983 96 65 969 928 682 20 583 527 988 827 815 462 638 888 629 29 402 295 536 606 907 737 386 400 483 905 215 274 446 384 898 159 613 522 686 516 773 196 600 138 475 892 847 817 320 384 364 881 447 361 0 532 394 503 710 717 23 165 899 548 198 621 79 548 980 277 435 286 39 887 261 9 337 162 29 338 522 465 340 65 345 214 330 317 858 410 418 
598 261 794 892 706 562 480 550 98 913 635 624 437 823 14 179 463 748 910 319 498 33 454 700 353 592 136 888 471 655 827 473 0 73 124 973 669 879 775 44 459 465 43 27 155 367 448 917 101 790 699 420 657 165 172 5 502 555 837 863 856 17 559 341 676 222 161 297 976 771 624 724 980 9 508 384 253 765 432 215 228 187 347 447 19 231 907 920 889 764 178 597 311 537 675 767 768 437 699 50 
72 609 773 453 302 664 536 219 108 37 821 444 22 187 164 33 342 133 718 179 774 215 900 243 808 185 916 145 149 264 750 928 477 196 740 558 111 896 575 619 937 91 367 862 524 301 340 893 183 596 669 351 644 242 556 840 51 120 473 658 630 252 85 569 421 359 601 240 624 721 14 392 267 727 87 767 451 150 444 834 249 579 780 462 829 685 720 773 666 799 306 54 121 423 68 613 478 722 490 80 
846 909 320 862 347 174 370 248 797 932 62 467 815 34 484 618 884 821 420 614 190 825 788 597 519 445 98 854 951 251 609 852 106 725 843 949 116 757 97 260 992 25 239 329 565 976 460 79 819 930 330 420 362 395 936 530 601 566 388 90 225 811 569 374 514 573 94 473 45 882 396 70 526 29 295 547 282 278 402 153 618 695 97 849 344 714 974 957 26 613 4 67 469 120 118 197 225 562 933 157 
347 844 141 951 870 147 56 737 966 139 912 426 314 313 263 48 666 135 996 157 595 29 968 438 697 189 599 878 286 527 299 228 374 939 374 291 900 342 404 187 251 712 557 57 273 11 848 869 388 298 152 533 791 184 970 248 522 83 561 808 619 146 785 431 588 270 37 231 326 251 829 637 405 334 653 705 131 245 754 975 496 7 512 992 95 175 712 468 273 260 955 156 422 137 580 631 748 861 372 349 
824 883 323 167 163 904 310 596 801 62 200 513 690 903 862 357 343 242 309 644 836 678 645 698 765 768 176 994 393 999 369 574 676 979 824 750 181 569 708 392 614 96 126 179 196 974 333 717 390 187 604 610 323 927 138 8 410 642 242 392 205 569 350 906 215 985 62 481 947 537 477 470 291 945 910 307 900 760 140 93 853 960 709 375 350 179 720 208 789 47 890 519 624 203 539 152 359 969 203 694 
724 846 464 307 180 754 640 562 529 277 838 871 652 895 305 582 378 733 581 932 347 703 731 867 975 662 15 239 731 506 174 232 959 345 753 763 247 457 958 72 844 834 669 908 715 957 857 821 345 50 561 809 40 454 635 775 678 821 652 785 784 437 347 700 977 112 252 517 794 156 838 500 637 5 82 717 157 576 220 790 2 312 342 749 38 402 566 380 649 243 536 648 951 588 857 525 442 952 192 762 
554 623 599 557 910 35 817 911 692 318 574 278 368 327 354 938 688 544 415 112 932 53 422 628 429 922 772 647 663 144 445 533 672 551 468 45 390 999 157 491 796 578 222 364 298 810 417 374 866 251 288 937 114 930 844 44 728 44 349 885 312 299 726 165 133 784 977 492 524 621 295 337 695 606 374 265 899 134 948 371 740 771 733 162 496 560 338 469 879 931 460 702 899 929 441 498 662 477 111 383 
845 208 969 852 620 639 988 242 411 995 285 495 422 577 273 145 7 452 359 302 139 716 164 824 456 457 247 650 99 651 36 868 596 715 302 343 34 151 585 580 689 0 471 965 528 150 715 794 691 518 857 736 200 296 901 188 532 418 364 381 62 957 474 275 36 994 941 794 81 996 989 465 652 444 291 938 305 728 280 167 25 173 936 814 398 760 442 267 329 353 585 599 624 504 291 252 471 54 763 669 
244 732 256 21 770 629 862 184 432 707 297 511 950 407 92 228 970 48 16 191 32 535 428 638 157 822 486 441 268 913 653 521 544 666 389 558 80 115 27 453 344 671 18 6 668 130 881 489 271 345 714 205 350 265 439 8 293 506 669 615 200 99 199 909 466 850 50 28 433 393 776 715 497 414 128 158 948 523 67 595 677 762 477 254 472 870 802 224 49 403 183 805 17 545 871 637 945 862 224 66 
503 12 400 590 728 416 488 219 180 960 829 84 666 405 227 357 992 947 535 587 473 625 73 268 12 624 215 330 105 850 805 214 747 774 797 357 65 744 64 911 772 663 361 782 101 597 625 290 980 253 931 612 268 269 103 980 383 645 779 175 672 507 166 61 379 924 841 248 208 899 560 517 110 963 344 255 414 254 599 963 614 129 77 249 579 212 505 13 63 353 462 104 812 726 914 86 859 431 560 878 
190 947 244 271 199 947 815 23 962 129 300 241 288 481 597 616 698 727 534 94 444 636 394 975 530 880 533 388 71 263 951 346 143 300 888 227 559 485 907 905 35 979 184 108 556 159 604 142 460 471 689 816 681 482 187 745 712 954 370 734 203 551 520 816 9 704 232 490 40 212 555 708 801 602 717 465 509 586 294 136 295 971 681 957 579 457 223 90 680 405 981 870 992 484 625 143 416 748 511 749 
605 285 665 703 436 759 348 990 360 489 67 865 100 805 206 644 394 237 330 881 351 317 393 148 805 498 678 502 435 196 978 76 83 158 330 907 371 873 345 488 593 729 98 799 743 732 280 871 987 588 347 2 738 662 372 851 244 486 1 546 942 889 991 414 169 425 474 502 983 375 601 370 828 171 422 535 277 282 760 581 602 109 758 970 43 937 767 755 321 653 970 888 87 495 828 407 943 446 485 790 
76 983 84 515 58 510 711 44 921 924 607 937 404 487 601 900 678 220 655 248 319 428 385 143 81 873 63 314 673 554 501 344 733 466 426 449 451 657 299 187 88 970 173 55 573 81 261 784 541 216 969 921 365 790 196 337 195 28 310 631 962 202 242 202 684 719 832 628 168 82 974 733 690 396 218 656 505 223 382 647 82 733 163 340 18 260 115 817 953 450 588 227 312 587 708 598 197 311 831 670 
290 387 399 850 753 915 968 349 143 417 853 570 759 779 14 687 836 902 808 636 611 571 142 998 964 897 870 689 984 561 319 266 881 910 568 182 776 675 306 673 879 267 536 97 295 547 791 418 935 691 970 966 300 984 712 367 421 187 45 534 654 461 834 956 228 192 839 105 810 921 205 899 358 284 357 940 493 281 515 911 195 631 276 724 614 620 398 725 262 452 479 656 626 902 798 267 822 843 957 171 
890 553 996 861 720 321 673 883 780 153 22 779 462 435 925 720 963 388 124 388 841 195 919 902 832 795 348 413 963 235 376 400 134 944 753 228 991 316 361 626 50 869 204 415 181 360 4 152 451 488 950 285 520 924 101 581 871 658 194 514 782 528 936 682 100 341 961 815 518 806 609 862 967 96 90 9 539 493 949 259 471 383 41 478 533 45 293 7 244 693 526 385 467 125 966 651 297 228 663 238 
778 246 10 505 43 145 366 244 715 22 167 127 668 337 461 188 64 362 738 290 915 185 503 209 603 560 320 274 264 488 369 499 383 127 334 393 268 688 424 532 301 871 598 194 498 374 457 406 359 549 758 851 91 266 847 248 786 977 694 854 98 113 458 717 444 368 931 693 602 620 290 815 100 70 818 53 63 152 44 92 328 545 620 821 789 229 500 746 414 929 246 908 39 983 208 171 874 67 39 499 
376 530 829 109 542 140 743 29 924 830 438 484 876 921 272 128 118 776 456 626 712 229 218 561 172 230 95 107 455 565 896 356 478 476 754 1 111 366 149 624 52 885 902 139 337 421 468 865 376 133 947 229 362 438 892 202 10 463 459 601 133 846 991 113 398 602 192 512 824 995 255 692 261 657 919 733 809 40 108 813 639 225 108 307 494 487 367 964 480 759 572 173 367 885 808 55 326 682 766 694 
342 346 40 374 820 68 772 870 413 224 450 240 437 359 67 550 945 98 264 832 510 544 673 176 16 111 456 537 909 869 666 345 449 689 781 185 139 549 292 340 660 773 668 343 991 118 815 821 631 209 379 292 370 779 184 428 867 764 845 708 161 529 607 768 199 806 588 653 323 151 811 481 531 915 820 7 428 298 125 937 924 131 555 474 673 398 769 669 235 621 869 556 323 451 978 214 276 608 765 349 
491 225 480 898 925 397 994 589 800 706 124 198 629 423 180 132 308 134 390 332 584 75 686 882 872 951 650 526 864 8 103 543 503 751 888 709 556 201 72 911 418 210 78 789 713 388 314 158 115 365 863 301 733 781 696 392 841 504 352 904 122 121 557 718 595 743 810 292 903 376 587 737 374 773 243 552 394 163 659 697 482 470 389 139 722 704 959 937 127 277 870 554 259 371 288 874 754 949 5 987 
953 613 571 27 61 533 996 692 958 119 160 914 612 619 928 440 412 653 947 325 941 820 159 860 691 614 986 103 459 434 993 476 254 895 982 736 428 21 424 116 525 562 641 833 181 54 808 920 601 589 460 97 485 432 416 829 259 467 168 490 51 936 58 684 515 927 355 162 361 36 605 933 448 893 867 663 867 503 313 595 284 134 123 443 1 611 231 284 542 806 88 663 430 969 126 47 928 522 889 479 
191 796 889 778 234 267 212 466 79 869 453 2 247 148 236 60 323 937 161 582 261 444 96 781 808 450 201 522 282 78 925 948 179 50 466 428 686 270 459 625 541 729 536 14 935 943 304 635 819 248 942 259 632 291 9 134 556 330 364 963 924 859 933 519 654 870 525 560 432 533 936 914 568 856 983 570 642 729 382 9 170 301 933 497 840 804 356 300 400 180 925 909 524 525 204 434 845 828 419 12 
50 545 543 166 33 362 402 560 457 718 682 779 300 739 359 411 76 215 879 879 392 575 594 137 618 356 593 154 795 331 900 785 333 981 485 6 732 739 796 513 269 941 756 493 460 70 216 664 329 962 598 557 948 202 208 136 839 60 934 122 937 674 189 526 784 673 637 563 324 826 190 509 721 885 416 71 319 677 12 910 240 354 126 481 206 130 328 508 974 535 18 343 70 339 917 869 81 421 271 624 
57 927 74 524 330 538 421 361 829 99 884 524 9 65 580 756 623 693 439 301 124 316 149 561 451 535 679 733 839 6 983 872 9 537 572 81 280 180 400 637 881 735 930 17 858 653 53 556 932 917 361 890 424 733 642 391 992 284 813 717 312 791 565 625 99 741 453 100 382 160 419 585 424 109 207 53 306 57 337 186 13 350 944 650 81 4 372 745 437 626 908 97 822 402 26 785 89 539 418 28 
978 260 353 373 62 810 218 964 189 982 11 324 932 343 844 572 754 623 87 94 732 388 145 626 845 919 343 302 336 83 77 140 18 550 326 522 86 259 635 643 63 384 917 852 29 906 212 789 761 827 79 557 111 636 725 876 171 945 598 177 724 67 863 660 246 583 571 298 444 58 576 624 507 212 956 295 103 902 277 711 748 315 55 891 20 690 487 710 933 901 731 980 231 377 426 135 123 915 696 805 
959 437 2 358 640 481 483 590 502 574 608 674 607 838 540 204 583 868 172 528 26 512 864 658 18 445 363 909 397 317 973 857 989 32 977 878 27 310 102 503 465 528 271 423 668 814 197 111 75 680 420 931 543 935 485 272 256 268 419 336 86 909 175 315 646 47 207 95 476 840 452 283 807 110 679 432 875 274 939 963 921 191 284 51 90 362 515 655 185 420 177 819 91 498 219 693 634 429 146 21 
740 126 425 759 133 199 34 524 858 545 865 118 654 721 3 445 676 433 102 423 371 151 728 7 413 31 414 671 893 602 233 240 521 352 5 560 826 92 970 694 611 973 920 647 752 3 339 43 184 636 266 538 864 78 154 555 596 14 115 950 720 836 833 793 726 947 635 65 186 774 507 272 541 909 465 54 839 211 78 771 452 390 786 392 799 181 899 226 977 720 37 482 997 158 614 213 311 720 130 683 
66 497 761 371 63 423 956 336 525 229 214 19 705 61 741 789 928 959 163 441 323 6 32 127 284 888 549 617 232 707 126 223 968 223 125 42 299 535 656 65 961 631 623 283 327 831 173 459 858 66 498 569 480 370 54 965 594 804 182 255 264 155 682 641 714 778 580 397 32 957 369 477 646 977 290 502 173 895 826 561 486 540 441 851 416 782 616 961 948 747 37 922 778 782 505 585 612 460 323 837 
798 874 974 358 843 731 579 732 676 224 81 721 852 234 711 265 157 286 586 165 383 889 864 407 232 187 338 952 115 635 959 476 81 312 922 364 224 571 208 257 950 307 219 100 202 838 360 803 310 943 553 434 518 968 998 695 876 509 365 828 400 145 466 637 554 502 708 835 669 956 865 337 353 866 995 776 84 852 633 494 530 958 862 997 609 915 389 840 919 534 589 152 432 910 145 21 412 143 252 555 
229 531 729 976 487 973 521 894 944 705 702 775 284 752 17 299 826 135 52 778 905 769 599 184 281 466 809 408 619 555 14 402 243 400 212 310 615 658 863 412 570 175 566 596 805 853 928 178 468 730 591 732 892 823 959 96 520 459 70 650 183 287 717 425 125 444 817 602 424 192 577 209 903 84 214 748 514 427 854 225 370 608 89 106 791 478 233 234 48 301 591 430 920 246 165 9 281 418 688 764 
575 35 559 287 658 348 338 997 69 41 112 136 437 263 871 406 860 354 798 538 176 402 500 890 827 490 532 338 644 855 747 454 515 26 104 326 725 376 151 874 860 139 199 987 111 217 962 124 701 28 644 690 439 512 815 835 669 484 420 799 862 68 304 766 752 546 152 631 89 727 67 998 742 501 618 725 150 502 346 181 312 901 528 594 9 84 869 272 709 645 870 61 36 213 967 625 230 395 312 259 
977 18 177 514 960 874 662 957 73 736 703 850 86 812 472 642 664 35 729 905 380 427 471 333 355 208 361 588 760 889 248 779 651 668 79 628 806 487 89 582 404 42 98 752 359 155 460 140 452 166 469 244 562 708 159 550 548 833 444 486 28 469 283 581 334 624 74 805 161 180 665 328 340 391 109 815 127 425 577 601 166 318 754 140 419 887 876 860 496 465 284 213 661 304 422 505 273 318 966 233 
475 725 340 684 382 468 556 230 577 614 99 746 302 612 660 474 962 340 520 430 63 257 977 460 31 687 618 383 313 937 890 718 149 558 359 294 35 39 587 662 282 771 989 86 831 991 350 696 473 444 646 756 478 405 59 314 903 902 760 322 682 92 324 292 768 141 74 949 652 512 990 435 975 252 152 654 604 693 69 822 547 804 976 181 324 845 623 45 68 296 845 991 517 836 729 388 519 964 72 9 
593 789 771 669 823 358 61 730 103 841 30 911 618 196 211 245 758 892 685 919 87 61 376 140 514 228 780 327 662 815 896 764 633 57 420 36 179 286 53 424 961 318 898 400 674 58 842 420 649 206 927 499 278 578 877 562 557 216 127 941 389 520 444 216 210 569 832 587 864 534 689 284 670 301 159 938 413 618 76 983 612 561 985 745 444 740 300 940 469 181 625 646 806 106 203 328 721 46 796 878 
255 120 356 13 657 62 505 633 156 91 284 417 257 663 804 960 531 0 724 296 980 775 640 943 549 739 793 46 76 968 153 74 818 689 133 949 505 698 388 674 929 925 762 576 293 136 930 437 600 398 27 782 633 215 641 353 248 254 178 12 897 221 195 996 809 574 587 484 657 770 817 577 681 367 316 582 102 108 543 263 804 157 589 210 933 732 872 727 612 653 523 70 119 749 72 410 660 187 910 307 
476 888 16 377 58 558 623 782 462 235 83 328 821 217 565 109 75 747 140 551 502 496 818 220 2 836 700 661 238 498 539 235 941 151 473 474 390 119 184 225 394 697 177 607 700 886 418 616 350 120 739 933 619 431 898 826 119 718 867 778 853 738 216 236 435 832 769 501 924 433 364 107 742 780 690 900 933 59 424 252 374 110 818 26 679 803 131 157 874 795 542 216 123 938 307 870 428 914 177 716 
877 590 363 778 165 426 663 774 197 724 72 585 413 260 965 882 210 438 80 609 169 739 524 247 639 807 27 89 290 61 971 914 723 947 460 725 663 318 94 989 820 779 368 438 741 288 256 878 94 298 955 783 592 323 595 306 64 49 388 917 488 493 444 603 655 162 407 84 567 348 937 852 246 242 829 77 733 285 537 389 868 223 732 414 829 931 840 598 118 531 159 761 220 726 519 299 668 375 580 775 
287 45 61 817 514 101 582 485 39 962 18 645 841 623 371 237 74 890 258 130 324 485 428 595 134 555 475 729 604 416 483 909 285 787 543 973 949 383 598 270 464 915 464 76 680 171 478 599 921 435 975 609 150 228 919 844 416 357 824 874 528 865 382 384 650 445 183 211 453 636 397 96 787 924 339 887 95 194 781 65 573 382 812 986 54 512 544 663 941 992 552 622 936 169 849 728 815 520 187 582 
788 644 594 387 243 906 858 295 778 463 443 192 505 420 496 458 680 912 990 297 360 653 645 911 637 871 558 80 345 940 452 244 903 930 179 83 264 290 678 838 857 249 355 906 302 627 763 635 245 597 992 282 65 656 875 932 987 951 500 553 474 364 445 7 305 680 725 427 58 178 611 770 515 308 548 610 616 884 638 322 841 552 773 783 195 970 385 380 215 608 142 153 747 132 91 961 206 234 41 466 
426 122 910 587 924 178 284 85 147 722 495 756 503 282 304 365 848 303 254 837 232 326 895 407 28 811 225 666 973 638 800 258 105 774 388 706 94 481 524 395 510 797 659 739 73 137 319 301 648 376 111 57 3 789 770 170 234 934 766 140 950 111 266 786 848 334 353 77 341 917 572 150 786 277 842 518 294 868 178 837 200 633 736 821 802 757 731 978 177 340 312 763 893 762 798 161 833 433 762 458 
62 123 683 948 736 91 561 70 486 578 50 934 658 346 23 177 642 351 310 962 45 951 304 704 285 451 563 302 349 35 295 289 842 964 65 624 490 851 180 233 969 301 915 236 24 500 381 765 237 567 938 873 254 727 295 530 163 217 103 400 366 133 810 130 419 904 381 49 562 989 143 75 872 986 41 858 853 184 381 339 937 176 829 211 402 123 834 275 416 949 469 146 609 804 975 462 259 740 326 776 
849 705 81 48 210 407 607 975 627 412 783 344 782 837 677 368 428 246 432 22 828 286 14 471 352 490 467 693 972 782 454 332 862 246 620 132 248 375 674 877 415 695 598 847 293 163 976 21 644 198 399 202 613 987 843 167 587 400 434 620 790 661 465 456 769 21 895 649 59 891 876 630 707 103 478 368 171 986 58 151 294 524 737 461 155 459 410 508 640 445 526 633 385 459 252 874 763 551 598 298 
894 64 1 275 953 39 910 296 388 34 183 895 962 265 688 145 691 664 413 561 26 224 256 273 7 622 948 75 249 185 827 178 585 108 793 773 282 130 936 869 837 28 615 906 836 607 124 178 80 768 178 29 919 461 975 683 744 151 284 289 858 989 14 764 242 397 179 309 289 326 584 746 426 142 132 576 838 762 697 607 989 174 270 461 218 521 260 419 363 719 174 205 642 983 183 573 645 33 592 739 
920 946 392 921 742 190 813 825 270 364 206 818 860 797 998 811 919 950 915 283 225 508 31 682 126 822 246 41 863 787 618 690 442 411 983 561 203 964 3 427 827 409 208 97 463 435 896 282 528 998 919 69 414 250 845 978 305 296 439 622 366 291 117 765 260 591 698 29 584 259 53 609 883 985 65 236 259 157 794 795 510 418 395 807 632 618 301 482 263 537 826 558 539 549 645 305 579 142 521 37 
676 733 723 715 329 188 27 839 531 716 244 73 816 182 845 862 724 864 112 759 786 774 250 637 676 881 400 958 354 163 725 744 66 533 603 439 112 534 769 927 474 940 882 500 196 15 12 495 952 130 844 70 353 368 906 239 229 692 61 209 8 642 861 707 436 674 664 390 8 153 710 244 436 805 972 81 651 262 230 841 593 174 891 120 447 610 617 796 806 639 646 290 53 195 614 60 919 451 48 161 
999 103 165 431 165 935 736 761 496 159 386 325 257 878 912 420 543 34 196 789 988 458 47 221 275 178 575 698 370 104 296 721 316 632 731 463 708 843 51 187 287 622 334 501 542 625 698 239 632 728 784 950 368 72 813 23 663 238 183 395 964 316 239 142 627 46 828 166 891 80 390 548 38 260 110 575 786 741 10 855 79 208 919 935 370 36 184 904 632 635 825 692 516 101 274 117 87 68 683 260 
896 3 706 872 114 797 366 61 454 978 494 886 658 534 970 115 178 684 232 302 208 461 104 514 411 762 961 576 627 3 189 743 321 353 679 566 610 313 96 734 800 563 831 663 801 110 658 741 379 767 618 781 674 39 929 643 376 23 185 716 946 56 566 399 208 142 407 60 352 11 706 287 74 826 957 129 923 753 512 999 845 331 490 692 490 476 738 43 593 673 970 827 244 940 376 894 566 845 422 444 
650 797 92 894 881 327 719 818 735 326 113 406 437 127 234 145 237 952 202 344 140 438 849 755 151 277 617 193 302 881 526 947 829 109 993 809 372 517 886 877 763 638 808 120 19 225 271 896 457 582 257 641 75 885 823 976 197 743 795 573 95 68 589 687 650 125 161 731 235 984 204 331 851 935 72 722 426 521 280 91 608 453 766 381 646 478 788 712 735 709 793 740 542 134 589 281 89 967 130 406 
413 711 950 953 986 160 30 558 682 61 657 815 894 342 979 828 43 321 811 191 629 191 741 911 634 76 564 158 330 398 164 909 360 563 574 336 832 637 310 387 115 496 845 912 478 891 41 274 755 674 637 909 444 979 778 211 359 687 758 785 505 720 299 974 428 731 310 481 566 56 267 173 561 390 835 830 923 651 277 459 165 106 92 616 230 527 216 51 321 554 856 883 399 661 980 424 903 66 663 480 
876 55 125 178 515 94 688 193 206 934 595 996 612 516 377 275 221 878 865 605 971 392 985 256 400 111 102 756 691 65 971 867 994 221 193 57 729 959 666 371 460 959 880 519 881 222 199 260 511 382 680 516 915 988 657 958 637 431 643 285 319 487 905 755 408 930 435 978 961 993 960 141 887 761 201 504 616 884 81 474 31 345 272 726 686 833 11 629 747 948 148 826 371 331 369 90 826 827 126 26 
564 125 349 707 121 490 201 928 123 136 180 427 434 89 490 962 672 804 703 52 167 240 310 478 656 990 52 363 695 873 253 623 563 830 472 175 673 526 465 196 5 565 607 875 784 299 415 245 372 129 184 506 252 22 134 1 169 551 722 511 588 724 884 928 763 902 788 310 958 388 315 118 761 372 648 771 254 179 203 637 451 672 480 264 497 597 583 468 987 513 389 256 118 272 567 401 648 769 460 579 
21 552 169 723 595 417 36 256 789 369 315 700 314 639 431 335 245 677 77 257 962 722 875 883 96 56 299 692 407 366 904 587 509 534 341 178 7 769 453 90 696 449 162 714 923 98 642 656 181 379 255 88 335 736 36 739 401 975 781 485 28 795 623 358 370 913 633 117 793 133 401 959 295 825 683 587 823 806 107 721 264 642 866 663 320 582 286 13 868 311 315 67 114 457 468 529 251 539 809 217 
331 345 924 639 977 57 899 797 979 925 939 182 504 707 87 415 70 416 219 584 389 506 272 425 655 949 468 733 962 480 18 741 383 867 540 19 305 597 173 307 550 406 827 701 993 944 165 877 484 805 525 947 434 676 304 483 782 433 228 229 949 618 697 738 960 186 543 430 166 761 731 392 274 611 846 559 784 750 199 812 291 992 409 563 271 355 738 404 528 686 971 281 667 997 276 518 146 660 210 819 
274 288 10 275 974 181 353 380 783 230 544 662 211 586 854 221 385 152 884 201 818 802 266 421 564 138 617 568 851 414 237 536 156 324 88 134 875 180 306 361 932 940 962 221 560 175 273 610 405 932 730 230 529 270 828 556 888 971 193 229 872 788 725 985 502 973 726 353 521 316 807 446 841 769 369 231 158 159 51 383 511 858 300 88 685 926 962 303 728 778 651 880 923 77 768 494 780 449 156 627 
674 141 799 669 42 239 969 341 838 436 711 889 580 447 834 529 420 417 920 867 853 994 890 850 198 43 655 804 25 975 52 147 385 169 264 766 481 288 39 936 55 785 1 822 788 57 962 927 769 817 510 673 955 22 791 551 174 965 858 850 409 898 69 687 755 626 602 43 344 557 348 578 502 830 195 455 686 854 163 787 96 828 950 101 741 733 990 381 516 92 277 668 52 522 683 108 791 248 11 994 
213 320 312 219 247 661 822 597 116 410 817 217 419 716 521 956 400 199 819 963 627 803 347 812 351 558 954 375 485 692 17 427 322 533 637 245 241 311 795 434 433 45 131 61 187 301 525 286 477 526 786 516 454 555 352 726 537 311 223 183 130 802 248 888 231 188 289 917 528 483 123 98 515 745 804 782 147 742 609 517 875 249 542 354 537 947 456 759 161 870 782 32 94 958 260 578 400 153 454 224 
770 321 620 67 459 549 478 232 148 385 150 838 613 711 679 926 623 309 654 4 733 929 335 451 405 706 965 843 75 788 685 188 223 706 510 230 478 950 926 843 198 570 520 888 519 508 652 6 432 263 427 93 896 369 36 722 386 876 768 111 234 207 530 455 232 930 531 155 526 994 491 914 348 178 27 297 794 355 173 835 279 84 223 264 328 794 699 651 319 128 785 300 721 355 912 534 982 482 933 741 
868 831 268 166 898 406 742 633 992 255 672 463 212 818 382 505 329 92 389 639 980 975 549 882 930 828 308 789 134 167 638 334 45 411 468 612 42 743 376 550 185 613 971 837 27 116 548 999 0 951 570 671 918 903 282 983 737 975 154 969 837 420 704 548 817 256 680 663 8 932 745 987 293 452 911 274 35 880 510 431 905 710 435 407 372 482 744 296 736 612 570 914 745 963 164 614 676 220 836 876 
76 940 425 908 146 501 567 569 28 358 118 252 653 114 841 312 249 184 79 377 27 285 330 943 752 375 276 835 58 340 769 114 460 99 550 155 502 337 396 235 920 768 8 385 679 825 656 232 882 35 213 774 533 243 686 602 272 683 577 836 418 717 693 494 220 844 932 700 861 887 308 229 972 258 56 556 134 660 649 187 743 320 151 386 226 891 68 524 339 419 222 138 860 733 447 579 315 142 187 784 
914 987 850 831 262 251 696 802 819 228 202 959 125 507 407 54 158 322 688 689 434 835 563 428 415 2 333 647 886 192 264 725 783 557 720 400 798 376 826 676 395 5 304 816 536 491 757 462 35 260 744 349 946 117 207 546 528 591 330 816 860 18 866 768 301 312 887 790 389 842 665 906 735 495 336 386 586 0 230 980 708 295 390 712 432 836 667 170 340 492 134 151 286 306 7 660 747 898 721 224 
718 848 200 722 164 624 767 995 547 563 262 975 839 669 928 993 643 884 944 963 624 711 596 634 383 837 997 64 732 841 291 770 830 39 154 842 23 556 385 572 39 149 13 157 792 731 296 866 162 139 476 477 675 356 90 833 86 981 234 498 798 972 272 622 992 895 746 82 443 402 631 824 422 717 40 785 372 424 656 284 489 104 935 76 476 17 88 183 468 895 216 990 862 630 327 215 497 256 561 135 
535 446 438 935 611 520 34 287 80 202 100 524 992 830 398 802 178 481 124 798 916 267 892 846 559 4 620 622 743 230 399 720 259 994 156 259 1 753 716 922 581 628 80 115 180 990 45 825 479 269 787 683 85 853 987 851 174 655 975 670 955 809 429 723 187 311 404 677 910 627 798 949 642 392 249 686 75 455 961 981 939 342 828 471 531 287 583 650 847 87 175 402 845 203 429 669 776 71 323 498 
986 562 818 844 80 406 399 260 980 226 625 312 342 596 732 287 100 336 930 445 897 293 609 797 485 233 880 528 588 152 469 961 744 901 351 612 452 442 873 866 601 496 999 658 643 445 884 620 733 975 644 148 770 616 862 719 179 592 568 74 183 829 194 629 211 982 459 563 323 732 289 867 860 657 172 960 529 964 343 920 67 572 143 680 565 594 807 821 168 280 194 996 39 681 34 975 430 777 868 293 
341 698 766 680 526 534 990 519 670 337 183 787 150 682 15 62 230 469 407 593 919 168 29 994 419 0 251 719 8 803 174 314 511 233 675 846 614 982 159 521 377 545 875 852 661 444 63 897 908 634 499 985 334 468 119 552 880 338 558 605 521 973 241 591 480 250 864 143 185 288 4 631 271 154 234 152 928 31 818 447 228 771 204 358 792 623 261 590 912 715 256 180 817 220 511 515 61 822 756 680 
100 542 610 759 69 436 73 264 431 19 947 100 338 879 587 156 732 953 724 379 194 13 486 235 41 206 56 619 71 213 467 356 619 213 264 173 627 207 179 584 754 31 163 855 996 849 546 34 275 337 285 196 840 817 155 914 417 403 305 637 316 244 798 834 820 293 520 339 782 661 875 673 596 999 61 659 869 489 354 522 161 332 799 934 280 139 412 175 281 214 427 656 150 241 314 608 496 904 998 898 
571 828 506 442 724 25 87 437 837 956 336 967 54 94 328 516 413 972 87 441 725 639 382 705 345 307 675 242 305 775 730 715 120 100 386 338 766 483 699 74 624 742 166 502 254 710 254 518 851 727 933 895 874 711 703 881 244 658 346 176 876 498 746 614 21 294 287 565 310 30 157 835 419 148 764 971 946 175 920 886 394 776 849 426 738 721 228 78 977 786 950 253 529 124 52 746 846 768 690 465 
925 930 494 479 831 81 564 977 921 2 541 526 64 292 647 875 468 809 111 966 867 606 672 772 57 746 944 375 311 341 183 673 153 665 416 489 900 108 967 250 903 441 384 666 200 633 773 401 4 461 76 285 209 186 449 923 515 484 2 843 383 59 259 665 320 668 332 680 751 629 790 559 835 944 574 847 739 578 783 122 240 662 175 870 641 161 1 841 183 292 56 220 905 498 966 726 515 593 439 705 
312 922 970 108 968 567 594 384 382 923 593 534 383 847 396 377 395 412 834 136 14 295 513 360 520 436 161 683 372 165 457 828 2 649 60 602 655 883 997 326 138 446 558 471 437 290 794 958 69 838 486 762 655 697 365 44 873 562 594 509 536 309 504 608 491 230 511 57 29 770 516 335 182 960 146 207 487 431 620 540 786 866 213 343 9 880 436 444 241 414 730 625 289 596 948 318 251 481 664 719 
488 438 563 68 499 384 192 614 376 948 929 328 864 58 790 552 796 172 307 983 484 682 628 925 648 242 970 841 599 858 998 501 679 2 474 567 851 740 250 3 708 926 54 187 942 20 559 937 487 750 202 644 605 237 91 336 24 654 694 590 590 897 661 870 605 675 470 193 11 796 723 164 644 200 992 67 350 525 984 679 657 344 516 774 762 226 266 413 970 851 228 182 384 768 724 328 770 889 607 128 
67 716 452 18 685 609 839 875 444 315 729 425 455 96 918 222 478 420 961 952 259 751 570 58 968 196 30 48 995 202 125 152 187 902 59 174 790 325 466 553 465 493 523 651 2 495 872 103 687 456 370 383 995 489 976 104 408 864 340 801 414 454 720 237 911 906 131 70 894 510 743 574 761 113 747 352 972 263 559 900 897 487 854 781 67 474 161 174 790 874 470 613 493 843 884 66 283 450 189 300 
191 679 915 33 389 623 851 853 605 611 447 535 938 46 135 199 544 654 166 284 457 314 330 643 565 967 724 134 149 117 851 221 462 569 700 95 45 825 594 14 769 994 722 490 975 951 54 387 977 121 171 686 255 751 338 50 626 550 109 12 714 257 678 993 833 327 907 649 880 518 237 56 618 333 819 933 84 11 929 298 313 816 364 790 869 75 74 239 354 895 367 915 889 377 350 227 726 502 593 186 
969 337 671 852 440 997 856 468 718 648 406 855 75 330 576 480 736 28 769 931 670 798 433 541 281 518 427 539 984 374 188 906 728 5 483 680 756 584 722 828 355 202 957 974 169 532 691 839 869 338 997 222 645 243 736 471 275 180 91 859 500 412 978 992 72 151 770 89 152 946 177 725 614 650 826 935 853 897 724 557 358 170 591 394 790 780 521 599 509 181 357 912 141 393 483 115 485 140 738 931 
152 55 701 432 918 56 135 606 419 122 91 25 613 149 365 680 165 168 425 800 563 812 824 838 860 850 63 393 19 918 970 798 45 99 579 526 785 229 614 858 224 872 28 509 561 379 476 198 564 779 951 163 844 908 600 971 622 919 704 899 862 163 982 532 813 642 855 620 677 182 546 934 258 402 772 666 664 589 247 668 832 258 258 366 555 386 406 532 151 936 135 131 576 808 382 848 914 179 453 338 
554 81 958 198 583 654 378 821 11 722 620 592 211 942 729 552 348 847 70 220 496 788 293 973 236 271 409 640 715 593 466 22 395 544 574 657 323 643 188 326 17 210 312 111 40 616 167 840 366 832 404 83 29 960 951 964 653 313 272 766 427 463 527 204 300 463 176 198 287 981 145 89 967 832 177 760 582 178 122 841 909 39 262 521 205 508 698 370 941 535 220 403 97 941 131 348 507 288 941 809 
935 714 552 507 835 74 172 432 819 913 393 467 60 79 496 46 242 609 330 130 671 776 187 433 928 879 762 496 534 356 723 714 983 434 322 832 392 120 144 908 539 580 523 578 540 5 988 326 183 851 355 304 999 556 724 942 526 425 217 109 766 679 470 50 394 119 944 605 974 61 519 931 619 411 840 501 981 253 720 998 404 995 513 834 837 806 44 621 210 202 820 366 481 206 572 595 491 111 242 233 
995 889 890 177 363 488 11 388 349 155 658 62 881 604 555 549 389 939 159 952 162 884 887 920 805 829 282 78 2 373 839 694 872 601 710 956 520 900 79 923 817 322 534 520 533 19 898 432 531 997 997 108 176 714 169 961 574 380 450 53 384 424 573 289 266 768 268 428 987 974 687 305 717 296 929 98 37 674 678 176 65 683 490 262 330 234 759 964 916 515 40 488 586 57 578 198 303 400 556 211 
393 666 559 243 69 485 491 695 24 840 278 182 647 662 414 271 421 959 416 995 401 776 852 461 495 769 522 604 589 278 324 642 228 469 492 286 363 269 543 502 735 757 106 372 4 818 305 185 333 717 227 935 638 971 257 750 417 301 906 153 912 315 82 948 877 895 944 792 403 63 135 445 675 310 677 846 124 208 192 56 240 789 490 425 485 427 241 863 411 774 127 904 482 27 325 733 249 502 642 643 
883 407 400 258 781 400 834 170 531 828 870 295 926 939 115 929 174 821 761 308 376 949 409 800 377 518 520 960 251 448 751 690 479 280 570 167 500 892 171 325 360 140 692 709 368 496 781 707 19 62 789 623 77 684 588 668 745 270 293 973 976 719 682 10 560 117 292 268 804 869 165 789 834 654 363 401 485 807 849 550 558 299 285 320 967 30 888 835 35 26 951 366 662 633 248 284 951 111 54 566 
726 990 23 270 245 774 743 860 277 305 476 378 771 276 975 757 154 946 583 747 550 317 54 586 427 528 105 560 720 526 757 933 96 628 483 679 997 19 537 624 651 933 855 240 78 144 234 447 132 152 699 684 608 830 176 781 830 484 301 270 716 893 481 401 662 874 839 756 618 105 57 715 162 971 231 441 669 894 205 285 639 721 691 594 400 964 980 422 530 544 746 51 268 112 534 971 662 917 487 23 
937 11 918 391 683 774 664 715 927 228 155 259 644 227 539 784 23 443 713 878 616 613 611 565 248 246 959 493 613 952 114 626 625 260 177 630 839 881 22 982 50 902 195 100 436 851 819 770 795 580 882 872 999 60 785 397 167 596 338 460 113 183 907 917 652 369 410 550 915 536 307 141 262 11 662 341 117 682 544 663 327 447 630 876 230 61 32 257 622 546 231 939 364 460 544 496 455 11 196 90 
287 278 894 549 532 730 331 565 668 631 955 549 761 857 834 914 30 527 718 241 338 543 818 118 64 428 949 770 341 206 485 886 147 993 232 946 969 846 715 498 28 837 236 936 72 971 542 930 12 693 239 315 106 653 449 265 352 934 665 961 337 130 268 9 369 703 651 224 594 58 570 634 587 308 453 95 563 962 558 518 118 327 852 508 793 636 829 685 671 968 665 335 886 220 876 770 800 54 326 27 
59 227 972 652 548 832 157 646 330 341 429 72 533 962 271 150 557 496 555 47 315 945 99 887 616 923 398 790 320 376 135 974 208 91 1 840 867 601 113 222 648 105 65 116 68 201 523 387 185 297 20 543 596 568 719 866 789 145 969 422 883 710 236 707 425 104 860 270 690 133 131 796 920 616 268 29 204 612 161 934 35 804 458 948 799 701 246 508 795 757 547 901 854 301 778 907 544 639 351 703 
992 148 597 456 297 798 310 615 639 73 811 218 2 412 580 882 285 348 368 607 128 750 957 79 574 855 467 747 134 204 142 915 173 972 251 942 182 360 562 807 812 104 909 247 151 760 950 409 79 786 276 949 861 630 828 560 643 514 398 234 614 551 519 384 851 727 510 648 78 614 585 363 929 675 214 518 119 85 926 227 272 809 710 398 58 891 329 709 679 521 61 545 364 610 170 997 532 769 447 195 
877 13 311 884 438 38 576 168 394 777 40 3 813 955 868 737 769 13 992 822 718 621 52 654 423 399 514 907 269 416 389 180 613 624 989 978 364 720 279 792 255 981 319 432 611 458 135 852 291 360 737 850 270 62 435 602 837 876 578 91 123 576 441 505 769 372 583 885 99 929 217 584 542 23 904 30 178 987 366 980 505 294 902 445 715 319 213 373 782 537 490 961 876 545 524 799 910 392 16 941 
503 430 10 181 170 561 304 558 576 351 916 258 646 530 770 964 372 608 320 355 945 612 330 889 176 374 694 742 598 485 457 649 562 349 453 251 720 488 111 531 532 398 845 0 340 2 446 126 920 507 120 552 178 701 72 627 439 301 767 106 58 107 820 868 46 847 581 982 206 481 430 621 923 217 497 718 98 959 951 98 121 465 488 2 469 276 419 858 832 378 554 660 785 556 511 743 950 405 201 721 
770 902 905 283 145 337 787 375 238 266 427 815 216 507 771 947 90 901 313 33 365 532 872 768 841 810 818 423 32 685 747 522 627 449 46 393 370 808 893 919 732 946 446 207 783 903 233 621 627 823 491 521 692 190 866 296 212 935 124 549 693 976 997 660 380 426 608 412 142 694 938 5 13 645 464 299 749 996 165 401 180 876 335 109 751 201 145 920 89 0 475 824 985 280 201 360 905 537 246 742 
551 506 9 714 92 72 803 412 457 763 751 210 383 296 404 67 302 95 376 648 974 574 432 221 999 399 983 260 124 159 666 724 415 835 673 402 282 401 953 449 992 472 990 193 175 643 396 763 206 275 144 605 577 507 477 837 428 559 110 985 686 251 718 405 155 741 845 192 59 812 617 439 923 676 451 556 196 800 942 826 660 938 196 204 476 138 824 593 217 309 522 130 513 882 84 123 853 75 386 187 
94 280 722 848 826 567 161 326 298 529 463 65 235 549 657 490 91 339 826 607 159 128 491 153 249 225 316 724 451 849 19 391 0 213 437 564 355 782 186 147 364 748 170 113 169 14 680 941 870 855 646 302 766 982 325 289 639 175 143 858 149 289 349 12 424 950 594 443 787 857 369 728 692 623 887 847 767 258 884 914 929 694 878 34 896 843 160 808 834 514 355 66 425 2 143 993 242 211 287 754 
246 397 516 375 642 146 234 804 841 552 628 23 813 548 501 63 998 778 563 442 405 848 46 72 281 762 367 800 644 493 997 161 148 279 834 723 193 380 998 896 295 587 280 455 267 158 727 971 408 414 382 787 23 541 52 776 706 578 360 460 908 657 244 238 7 575 478 883 640 598 111 71 109 937 362 78 370 277 437 793 654 284 526 531 206 337 737 602 517 460 356 944 209 42 226 873 873 841 464 882 
445 873 867 494 547 404 628 521 980 20 551 142 446 849 720 97 298 687 674 908 850 519 352 782 271 215 481 231 7 736 714 161 780 308 987 402 629 730 12 541 904 88 516 702 212 740 544 199 360 730 494 739 421 128 516 799 629 639 259 529 557 159 980 621 393 204 263 950 193 424 375 943 984 275 15 265 981 879 401 677 708 441 408 824 427 941 320 169 803 353 687 708 704 937 720 409 996 724 459 11 
380 390 353 256 666 799 507 673 772 626 1 778 132 668 945 256 705 377 607 275 122 61 270 794 58 98 853 712 360 999 880 578 621 195 416 975 354 840 668 997 266 312 416 449 73 517 283 787 542 426 278 10 254 208 410 650 308 701 98 167 658 604 540 310 379 454 104 319 437 950 646 656 836 700 824 278 947 38 822 798 773 573 791 407 356 929 308 125 921 438 10 38 888 39 758 864 649 166 101 90 
818 906 297 567 802 649 899 308 886 770 688 122 359 826 478 722 971 224 48 885 362 678 542 886 701 471 737 130 380 375 317 34 364 390 252 624 512 674 714 479 27 161 848 112 495 720 431 695 997 284 64 139 583 407 335 699 167 219 225 126 426 65 321 394 686 655 656 943 929 453 394 117 83 949 19 784 811 907 832 161 842 976 374 330 678 716 277 707 994 330 746 58 382 63 273 790 546 653 928 219 
467 301 198 668 261 438 719 358 464 795 72 568 189 5 794 61 82 357 278 163 608 79 514 260 811 809 13 349 137 723 999 164 144 507 509 761 586 643 232 782 66 525 366 294 383 156 359 200 403 485 960 308 595 465 427 725 721 176 635 341 255 78 158 953 795 267 773 915 319 615 84 297 895 158 671 331 126 850 609 86 264 896 830 959 2 879 782 745 532 294 218 772 470 614 944 839 824 38 933 89 
773 18 236 362 719 530 165 78 200 459 471 736 698 337 191 939 401 675 952 238 204 652 709 279 116 80 761 380 655 330 295 140 68 44 608 276 380 531 964 979 280 36 418 561 882 510 855 699 178 905 870 952 850 992 584 769 952 986 554 127 92 775 786 998 519 884 188 96 449 754 600 746 787 720 753 262 47 773 66 522 638 779 269 611 201 626 169 561 504 832 847 521 223 606 819 605 449 107 342 874 
855 436 418 798 872 861 225 497 690 282 471 130 989 763 977 33 733 120 663 131 281 28 969 936 151 751 1 322 942 875 800 767 582 6 365 747 875 265 567 466 832 941 846 554 367 973 863 942 632 559 714 997 386 79 809 839 701 795 368 115 472 24 316 178 587 210 308 579 633 91 331 752 569 310 695 242 32 991 1 504 329 985 978 873 573 20 995 377 33 536 734 142 438 158 544 758 399 329 293 614 
597 615 545 9 609 149 201 353 924 333 607 724 956 881 671 149 199 567 428 781 737 707 546 158 113 426 994 203 951 147 818 680 512 633 24 852 337 840 856 241 481 863 776 779 769 794 870 709 878 778 577 785 868 84 205 694 368 280 769 20 165 196 999 593 690 89 773 750 349 420 185 692 606 422 243 280 638 971 75 641 419 864 94 74 984 553 215 98 838 22 863 109 129 765 869 288 109 496 977 825 
114 985 755 103 818 207 280 647 343 81 264 943 771 203 408 26 36 203 568 100 50 685 290 573 694 154 631 524 370 662 846 956 491 971 390 324 220 95 37 327 897 558 760 428 518 245 766 438 187 376 559 47 413 630 376 9 206 489 774 321 506 695 768 570 582 787 559 556 564 109 766 534 499 150 832 757 308 289 537 294 335 496 2 326 61 327 759 712 199 560 976 411 508 785 205 909 55 268 776 469 
704 342 263 940 582 939 952 926 747 627 705 692 925 302 460 958 794 413 626 641 487 188 524 622 255 49 133 837 418 535 488 772 987 762 805 833 449 758 997 60 833 721 927 133 986 980 495 702 813 882 119 994 377 628 436 143 229 877 684 253 782 417 415 634 793 103 628 43 361 271 934 613 960 199 168 222 38 553 346 600 651 945 29 37 11 964 198 16 925 767 837 480 31 548 399 530 114 653 864 62 